Freq.	Cap.	Loss	Voltage	Time
Hz	pF	tan d 	V	
3200.0	82.9141	0.843717	0.100	06-19-2019-16:24:55
3200.0	82.91316	0.8436257	0.100	06-19-2019-16:24:56
3200.0	82.9125	0.843562	0.100	06-19-2019-16:24:57
3200.0	82.9117	0.843470	0.100	06-19-2019-16:24:57
4000.0	81.0922	0.714612	0.100	06-19-2019-16:24:58
4000.0	81.0915	0.714532	0.100	06-19-2019-16:24:59
4000.0	81.0909	0.714467	0.100	06-19-2019-16:24:59
4000.0	81.0900	0.714409	0.100	06-19-2019-16:25:00
1000.0	95.8427	2.07840	0.100	06-19-2019-16:25:01
1000.0	95.8403	2.07813	0.100	06-19-2019-16:25:02
1000.0	95.8400	2.07786	0.100	06-19-2019-16:25:03
1000.0	95.8375	2.07757	0.100	06-19-2019-16:25:04
8000.0	75.9751	0.439961	0.100	06-19-2019-16:25:05
8000.0	75.9747	0.439929	0.100	06-19-2019-16:25:05
8000.0	75.9735	0.439899	0.100	06-19-2019-16:25:06
8000.0	75.9732	0.439859	0.100	06-19-2019-16:25:07
2400.0	85.4197	1.048985	0.100	06-19-2019-16:25:08
2400.0	85.4206	1.048888	0.100	06-19-2019-16:25:08
2400.0	85.4169	1.048804	0.100	06-19-2019-16:25:09
2400.0	85.4171	1.048685	0.100	06-19-2019-16:25:10
60.000	702.0	3.9588	0.000180	06-19-2019-16:25:37
60.000	697.9	3.966	0.000180	06-19-2019-16:26:05
60.000	692.3	3.980	0.000180	06-19-2019-16:26:33
60.000	689.1	3.9822	0.000180	06-19-2019-16:27:01
1200.0	92.8992	1.77462	0.100	06-19-2019-16:27:01
1200.0	92.8979	1.774434	0.100	06-19-2019-16:27:02
1200.0	92.8964	1.774246	0.100	06-19-2019-16:27:03
1200.0	92.8957	1.774044	0.100	06-19-2019-16:27:04
500.00	112.356	3.34603	0.0150	06-19-2019-16:27:07
500.00	112.344	3.34481	0.0150	06-19-2019-16:27:09
500.00	112.321	3.34397	0.0150	06-19-2019-16:27:12
500.00	112.312	3.34262	0.0150	06-19-2019-16:27:15
200.00	181.313	4.9578	0.00200	06-19-2019-16:27:21
200.00	181.234	4.9559	0.00200	06-19-2019-16:27:27
200.00	181.017	4.9566	0.00200	06-19-2019-16:27:33
200.00	180.834	4.9570	0.00200	06-19-2019-16:27:39
120.00	290.00	4.9944	0.00120	06-19-2019-16:27:49
120.00	289.33	4.9980	0.00120	06-19-2019-16:27:59
120.00	288.94	4.9961	0.00120	06-19-2019-16:28:09
120.00	288.27	4.9994	0.00120	06-19-2019-16:28:19
16000.0	71.50250	0.278473	0.100	06-19-2019-16:28:20
16000.0	71.5018	0.278465	0.100	06-19-2019-16:28:21
16000.0	71.5015	0.278438	0.100	06-19-2019-16:28:21
16000.0	71.5005	0.278430	0.100	06-19-2019-16:28:22
100.00	352.83	4.8269	0.00100	06-19-2019-16:28:33
100.00	351.85	4.8324	0.00100	06-19-2019-16:28:44
100.00	351.16	4.8334	0.00100	06-19-2019-16:28:54
100.00	350.63	4.8321	0.00100	06-19-2019-16:29:05
400.00	120.893	3.77080	0.0120	06-19-2019-16:29:08
400.00	120.877	3.76944	0.0120	06-19-2019-16:29:11
400.00	120.853	3.76846	0.0120	06-19-2019-16:29:14
400.00	120.830	3.76728	0.0120	06-19-2019-16:29:17
800.00	99.273	2.37338	0.0240	06-19-2019-16:29:18
800.00	99.265	2.37322	0.0240	06-19-2019-16:29:19
800.00	99.2636	2.372891	0.0240	06-19-2019-16:29:20
800.00	99.263	2.37251	0.0240	06-19-2019-16:29:21
6000.0	77.7538	0.518896	0.100	06-19-2019-16:29:22
6000.0	77.7532	0.518845	0.100	06-19-2019-16:29:22
6000.0	77.7520	0.518804	0.100	06-19-2019-16:29:23
6000.0	77.7522	0.518771	0.100	06-19-2019-16:29:24
320.00	133.273	4.22013	0.0096	06-19-2019-16:29:27
320.00	133.251	4.21859	0.0096	06-19-2019-16:29:30
320.00	133.229	4.21729	0.0096	06-19-2019-16:29:33
320.00	133.174	4.21696	0.0096	06-19-2019-16:29:36
600.00	105.936	2.91054	0.0180	06-19-2019-16:29:37
600.00	105.923	2.9104	0.0180	06-19-2019-16:29:38
600.00	105.923	2.90989	0.0180	06-19-2019-16:29:39
600.00	105.928	2.9093	0.0180	06-19-2019-16:29:40
5000.0	79.0834	0.587771	0.100	06-19-2019-16:29:41
5000.0	79.0830	0.587714	0.100	06-19-2019-16:29:41
5000.0	79.08209	0.587675	0.100	06-19-2019-16:29:42
5000.0	79.0818	0.587633	0.100	06-19-2019-16:29:43
160.00	214.03	5.0643	0.00160	06-19-2019-16:29:49
160.00	213.72	5.0657	0.00160	06-19-2019-16:29:56
160.00	213.47	5.0670	0.00160	06-19-2019-16:30:02
160.00	213.26	5.0668	0.00160	06-19-2019-16:30:09
20000.0	70.21991	0.241793	0.100	06-19-2019-16:30:09
20000.0	70.2191	0.241778	0.100	06-19-2019-16:30:10
20000.0	70.21891	0.2417622	0.100	06-19-2019-16:30:11
20000.0	70.2184	0.241746	0.100	06-19-2019-16:30:11
240.00	156.150	4.7012	0.00720	06-19-2019-16:30:17
240.00	156.082	4.6986	0.00720	06-19-2019-16:30:23
240.00	155.979	4.6970	0.00720	06-19-2019-16:30:29
240.00	155.890	4.6950	0.00720	06-19-2019-16:30:35
10000.0	74.19713	0.367053	0.100	06-19-2019-16:30:36
10000.0	74.19671	0.367018	0.100	06-19-2019-16:30:37
10000.0	74.1959	0.366998	0.100	06-19-2019-16:30:37
10000.0	74.1960	0.366959	0.100	06-19-2019-16:30:38
50.000	830.8	3.730	0.000150	06-19-2019-16:31:07
50.000	824.5	3.743	0.000150	06-19-2019-16:31:37
50.000	819.7	3.7489	0.000150	06-19-2019-16:32:06
50.000	814.0	3.7582	0.000150	06-19-2019-16:32:35
12000.0	72.9620	0.323398	0.100	06-19-2019-16:32:36
12000.0	72.96123	0.323381	0.100	06-19-2019-16:32:37
12000.0	72.96070	0.323355	0.100	06-19-2019-16:32:37
12000.0	72.9601	0.323335	0.100	06-19-2019-16:32:38
1600.0	88.9376	1.35172	0.100	06-19-2019-16:32:39
1600.0	88.9374	1.351567	0.100	06-19-2019-16:32:40
1600.0	88.9364	1.351432	0.100	06-19-2019-16:32:40
1600.0	88.93515	1.351302	0.100	06-19-2019-16:32:41
80.000	437.15	4.5892	0.000800	06-19-2019-16:32:53
80.000	436.20	4.5907	0.000800	06-19-2019-16:33:05
80.000	434.98	4.5946	0.000800	06-19-2019-16:33:17
80.000	434.05	4.5962	0.000800	06-19-2019-16:33:29
2000.0	86.5921	1.128346	0.100	06-19-2019-16:33:29
2000.0	86.5898	1.12825	0.100	06-19-2019-16:33:30
2000.0	86.5907	1.128139	0.100	06-19-2019-16:33:31
2000.0	86.5904	1.128006	0.100	06-19-2019-16:33:32
