Freq.	Cap.	Loss	Voltage	Time
Hz	pF	tan d 	V	
50.000	8.7324	2.20527	0.0375	02-09-2019-14:28:59
50.000	8.7348	2.20895	0.0375	02-09-2019-14:29:20
50.000	8.7366	2.21259	0.0375	02-09-2019-14:29:40
50.000	8.7372	2.21629	0.0375	02-09-2019-14:30:01
60.000	8.5673	1.92450	0.0450	02-09-2019-14:30:20
60.000	8.5692	1.92708	0.0450	02-09-2019-14:30:39
60.000	8.5699	1.92976	0.0450	02-09-2019-14:30:59
60.000	8.5710	1.93213	0.0450	02-09-2019-14:31:18
80.000	8.2499	1.56618	0.100	02-09-2019-14:31:30
80.000	8.2507	1.56729	0.100	02-09-2019-14:31:43
80.000	8.25178	1.56840	0.100	02-09-2019-14:31:55
80.000	8.25299	1.56946	0.100	02-09-2019-14:32:08
100.00	7.97728	1.34738	0.100	02-09-2019-14:32:19
100.00	7.97799	1.348124	0.100	02-09-2019-14:32:30
100.00	7.97915	1.348787	0.100	02-09-2019-14:32:40
100.00	7.97981	1.349537	0.100	02-09-2019-14:32:51
120.00	7.74585	1.198381	0.100	02-09-2019-14:33:02
120.00	7.74667	1.19897	0.100	02-09-2019-14:33:12
120.00	7.74779	1.199485	0.100	02-09-2019-14:33:22
120.00	7.74831	1.200075	0.100	02-09-2019-14:33:33
160.00	7.37700	1.003416	0.100	02-09-2019-14:33:40
160.00	7.37743	1.003733	0.100	02-09-2019-14:33:46
160.00	7.37813	1.003979	0.100	02-09-2019-14:33:53
160.00	7.37868	1.004301	0.100	02-09-2019-14:34:00
200.00	7.09724	0.879737	0.100	02-09-2019-14:34:06
200.00	7.09769	0.879951	0.100	02-09-2019-14:34:12
200.00	7.09801	0.880211	0.100	02-09-2019-14:34:18
200.00	7.09874	0.880384	0.100	02-09-2019-14:34:24
240.00	6.87722	0.792770	0.100	02-09-2019-14:34:31
240.00	6.87771	0.792992	0.100	02-09-2019-14:34:37
240.00	6.87819	0.793182	0.100	02-09-2019-14:34:43
240.00	6.87849	0.793380	0.100	02-09-2019-14:34:49
320.00	6.54789	0.675929	0.100	02-09-2019-14:34:52
320.00	6.54831	0.675994	0.100	02-09-2019-14:34:55
320.00	6.54812	0.676097	0.100	02-09-2019-14:34:59
320.00	6.54878	0.676130	0.100	02-09-2019-14:35:02
400.00	6.31121	0.599311	0.100	02-09-2019-14:35:05
400.00	6.311490	0.5993621	0.100	02-09-2019-14:35:08
400.00	6.31161	0.599420	0.100	02-09-2019-14:35:11
400.00	6.31189	0.599505	0.100	02-09-2019-14:35:13
500.00	6.09184	0.532791	0.100	02-09-2019-14:35:16
500.00	6.09196	0.532859	0.100	02-09-2019-14:35:19
500.00	6.09213	0.532908	0.100	02-09-2019-14:35:22
500.00	6.09224	0.532969	0.100	02-09-2019-14:35:25
600.00	5.92516	0.48493	0.100	02-09-2019-14:35:26
600.00	5.92567	0.48492	0.100	02-09-2019-14:35:27
600.00	5.9255	0.48490	0.100	02-09-2019-14:35:28
600.00	5.92543	0.48498	0.100	02-09-2019-14:35:29
800.00	5.6852	0.41889	0.100	02-09-2019-14:35:30
800.00	5.6850	0.41889	0.100	02-09-2019-14:35:31
800.00	5.6850	0.41894	0.100	02-09-2019-14:35:32
800.00	5.6852	0.41894	0.100	02-09-2019-14:35:32
1000.0	5.5165	0.37483	0.100	02-09-2019-14:35:33
1000.0	5.5169	0.37486	0.100	02-09-2019-14:35:34
1000.0	5.5170	0.37482	0.100	02-09-2019-14:35:35
1000.0	5.51683	0.37484	0.100	02-09-2019-14:35:36
1200.0	5.390	0.3428	0.100	02-09-2019-14:35:37
1200.0	5.390	0.3428	0.100	02-09-2019-14:35:38
1200.0	5.391	0.3427	0.100	02-09-2019-14:35:38
1200.0	5.390	0.3428	0.100	02-09-2019-14:35:39
1600.0	5.20969	0.29827	0.100	02-09-2019-14:35:40
1600.0	5.2096	0.29833	0.100	02-09-2019-14:35:40
1600.0	5.2098	0.29828	0.100	02-09-2019-14:35:41
1600.0	5.20979	0.298338	0.100	02-09-2019-14:35:42
2000.0	5.0840	0.26841	0.100	02-09-2019-14:35:43
2000.0	5.0839	0.26839	0.100	02-09-2019-14:35:43
2000.0	5.08405	0.26842	0.100	02-09-2019-14:35:44
2000.0	5.08409	0.26842	0.100	02-09-2019-14:35:45
2400.0	4.9889	0.24660	0.100	02-09-2019-14:35:45
2400.0	4.98902	0.24660	0.100	02-09-2019-14:35:46
2400.0	4.98884	0.246602	0.100	02-09-2019-14:35:47
2400.0	4.98890	0.246617	0.100	02-09-2019-14:35:47
3200.0	4.8549	0.21605	0.100	02-09-2019-14:35:48
3200.0	4.85488	0.21603	0.100	02-09-2019-14:35:49
3200.0	4.8552	0.21601	0.100	02-09-2019-14:35:49
3200.0	4.85492	0.216008	0.100	02-09-2019-14:35:50
4000.0	4.7611	0.19539	0.100	02-09-2019-14:35:51
4000.0	4.7611	0.19539	0.100	02-09-2019-14:35:51
4000.0	4.76102	0.19539	0.100	02-09-2019-14:35:52
4000.0	4.7612	0.19539	0.100	02-09-2019-14:35:53
5000.0	4.6756	0.17704	0.100	02-09-2019-14:35:53
5000.0	4.6759	0.17705	0.100	02-09-2019-14:35:54
5000.0	4.67540	0.17706	0.100	02-09-2019-14:35:55
5000.0	4.6754	0.17709	0.100	02-09-2019-14:35:55
6000.0	4.611	0.1635	0.100	02-09-2019-14:35:56
6000.0	4.611	0.1635	0.100	02-09-2019-14:35:57
6000.0	4.611	0.1639	0.100	02-09-2019-14:35:57
6000.0	4.611	0.1635	0.100	02-09-2019-14:35:58
8000.0	4.5188	0.14474	0.100	02-09-2019-14:35:59
8000.0	4.5188	0.14472	0.100	02-09-2019-14:35:59
8000.0	4.5192	0.14474	0.100	02-09-2019-14:36:00
8000.0	4.5192	0.14472	0.100	02-09-2019-14:36:01
10000.0	4.45446	0.13177	0.100	02-09-2019-14:36:01
10000.0	4.4546	0.13189	0.100	02-09-2019-14:36:02
10000.0	4.4544	0.13188	0.100	02-09-2019-14:36:03
10000.0	4.4544	0.13190	0.100	02-09-2019-14:36:03
12000.0	4.40564	0.122414	0.100	02-09-2019-14:36:04
12000.0	4.4057	0.12243	0.100	02-09-2019-14:36:05
12000.0	4.40592	0.12243	0.100	02-09-2019-14:36:05
12000.0	4.40576	0.12247	0.100	02-09-2019-14:36:06
16000.0	4.3355	0.1091	0.100	02-09-2019-14:36:07
16000.0	4.3354	0.10906	0.100	02-09-2019-14:36:07
16000.0	4.3354	0.10911	0.100	02-09-2019-14:36:08
16000.0	4.3355	0.10904	0.100	02-09-2019-14:36:08
20000.0	4.2864	0.09995	0.100	02-09-2019-14:36:09
20000.0	4.28594	0.09996	0.100	02-09-2019-14:36:10
20000.0	4.2861	0.09993	0.100	02-09-2019-14:36:10
20000.0	4.28645	0.09994	0.100	02-09-2019-14:36:11
