#  Frequency Ave 	 Frequency Std 	 Capacitance Ave 	 Capacitance Std 	 Loss Ave 	 Loss Std 	 Voltage Ave 	 Voltage Std 	 Time Ave 	 Time Std 	 Frequency Ave 	 Capacitance Ave 	 Resistance Ave 	 Resistance Std 	 ReZ Ave 	 ReZ Std 	 ImZ Ave 	 ImZ Std 	 MagZ Ave 	 Magz Std 
#   Hz 	 Hz 	 pF 	 pF 	 tand 	 tand 	 V 	 V 	 s 	 s 	 rad s-1 	 F 	 Ohm 	 Ohm 	 Ohm 	 Ohm 	 Ohm 	 Ohm 	 Ohm 	 Ohm 
1.600000000000000000e+04	0.000000000000000000e+00	3.621325000000000127e+00	2.277608394785153492e-04	1.369249999999999981e-02	1.299038105676680290e-05	1.000000000000000056e-01	0.000000000000000000e+00	1.552927971000000000e+09	7.071067811865475727e-01	1.005309649148733733e+05	3.621325000000000223e-12	2.006087614252520502e+08	1.907397802676097490e+05	3.760399444746327936e+04	3.605219072170966399e+01	2.746320573121291585e+06	1.726660346590500978e+02	2.746578007402605377e+06	1.314828155486473982e+01
3.200000000000000000e+03	0.000000000000000000e+00	3.676635000000000097e+00	1.023474474523023976e-04	1.800249999999999767e-02	3.561951712193740609e-05	1.000000000000000056e-01	0.000000000000000000e+00	1.552927997250000000e+09	8.291561975888499525e-01	2.010619298297467685e+04	3.676634999999999914e-12	7.514270356947596073e+08	1.486911099353556987e+06	2.434510926286020258e+05	4.816153887965021454e+02	1.352318248179986328e+07	3.766038045462228183e+02	1.352537366842634790e+07	2.125161661244248634e+01
5.000000000000000000e+03	0.000000000000000000e+00	3.659730000000000150e+00	7.549834435281976537e-05	1.657499999999999946e-02	2.719374928177472993e-05	1.000000000000000056e-01	0.000000000000000000e+00	1.552928119000000000e+09	7.071067811865475727e-01	3.141592653589793190e+04	3.659730000000000199e-12	5.247440756835342646e+08	8.609886483802408911e+05	1.441236726909090357e+05	2.364198365424509234e+02	8.695244204579729587e+06	1.794510839588542126e+02	8.696438547492144629e+06	1.395540991641942696e+01
1.000000000000000000e+04	0.000000000000000000e+00	3.635644999999999794e+00	7.794228634056881648e-05	1.471949999999999995e-02	2.423324163210500387e-05	1.000000000000000056e-01	0.000000000000000000e+00	1.552927882250000000e+09	8.291561975888499525e-01	6.283185307179586380e+04	3.635644999999999701e-12	2.974031769678247571e+08	4.896670450232157018e+05	6.442250882203865331e+04	1.060600896229389178e+02	4.376677796259291470e+06	9.384011369080805309e+01	4.377151904139496386e+06	9.811037273695012217e+00
4.000000000000000000e+02	0.000000000000000000e+00	3.780521750000000125e+00	6.632637107524313926e-05	2.830449999999999980e-02	9.394147114027437086e-06	1.000000000000000056e-01	0.000000000000000000e+00	1.552928059500000000e+09	3.354101966249684708e+00	2.513274122871834606e+03	3.780521750000000334e-12	3.718372649021219254e+09	1.235835592699836940e+06	2.976569952383548021e+06	9.932046810036597435e+02	1.051624283200038373e+08	1.842890514053864990e+03	1.052045450484026223e+08	5.129401804793729269e+01
4.000000000000000000e+03	0.000000000000000000e+00	3.668067499999999814e+00	8.898735865289418795e-05	1.728499999999999828e-02	1.499999999999938882e-05	1.000000000000000056e-01	0.000000000000000000e+00	1.552928065750000000e+09	8.291561975888499525e-01	2.513274122871834334e+04	3.668067499999999506e-12	6.275573745910816193e+08	5.448098495561114978e+05	1.874400838608920167e+05	1.628816301987401687e+02	1.084408931795730628e+07	2.629807123852992845e+02	1.084570914790146612e+07	1.645680178484692391e+01
2.000000000000000000e+04	0.000000000000000000e+00	3.615005000000000024e+00	9.526279441624804561e-05	1.324500000000000156e-02	2.061552812808798956e-05	1.000000000000000056e-01	0.000000000000000000e+00	1.552928166500000000e+09	5.000000000000000000e-01	1.256637061435917276e+05	3.615004999999999903e-12	1.661993309000777006e+08	2.587223865045554412e+05	2.915123877223730960e+04	4.538979543000282746e+01	2.200924029613990802e+06	5.799097168584236783e+01	2.201117075226631947e+06	7.638204208985496457e+00
1.600000000000000000e+02	0.000000000000000000e+00	3.844599999999999795e+00	1.998749609131820365e-04	3.576850000000000168e-02	3.528101472463537327e-05	1.000000000000000056e-01	0.000000000000000000e+00	1.552928183500000000e+09	7.158910531638176700e+00	1.005309649148733797e+03	3.844599999999999996e-12	7.233496231979514122e+09	7.144815196250839159e+06	9.242606003833105788e+06	9.156406197457850794e+03	2.584007158207111061e+08	1.341539890187181300e+04	2.585659600612539649e+08	3.471665320222493847e+02
8.000000000000000000e+02	0.000000000000000000e+00	3.740549999999999820e+00	5.000000000010551560e-05	2.406499999999999959e-02	1.500000000000112355e-05	1.000000000000000056e-01	0.000000000000000000e+00	1.552928195500000000e+09	1.118033988749894903e+00	5.026548245743669213e+03	3.740549999999999849e-12	2.210084172026177883e+09	1.377888416670835111e+06	1.279172483536257641e+06	7.973163936733121773e+02	5.315489231399366260e+07	7.107359673455285929e+02	5.317028172912852466e+07	3.283699992855665784e+01
1.200000000000000000e+03	0.000000000000000000e+00	3.719750000000000334e+00	4.330127018923639261e-04	2.187499999999999861e-02	1.299038105676649966e-04	1.000000000000000056e-01	0.000000000000000000e+00	1.552927885000000000e+09	7.071067811865475727e-01	7.539822368615503365e+03	3.719750000000000584e-12	1.629960468074419498e+09	9.681314436292871833e+06	7.795885068243376445e+05	4.629570991804375808e+03	3.563833174054115266e+07	4.149600402475114606e+03	3.564685747003283352e+07	1.199945879190429707e+02
5.000000000000000000e+01	0.000000000000000000e+00	3.952599999999999891e+00	1.055935604096911769e-04	4.994424999999999559e-02	1.735475439180879077e-05	1.000000000000000056e-01	0.000000000000000000e+00	1.552927938000000000e+09	2.303258561256204118e+01	3.141592653589793258e+02	3.952599999999999940e-12	1.612433324289967537e+10	5.619458491426475346e+06	4.012091133589815348e+07	1.407623856344027263e+04	8.033139217407040596e+08	2.139910567550288397e+04	8.043152021371055841e+08	7.171912410844030319e+02
6.000000000000000000e+01	0.000000000000000000e+00	3.933300000000000018e+00	7.071067811864696130e-05	4.727250000000000202e-02	4.380353866983604562e-05	1.000000000000000056e-01	0.000000000000000000e+00	1.552928246250000000e+09	2.202697210240209102e+01	3.769911184307751455e+02	3.933299999999999810e-12	1.426603347110557938e+10	1.322164780372053199e+07	3.180906834390309080e+07	2.937110599475642448e+04	6.728873730795513391e+08	1.235978356921941486e+04	6.736388006037110090e+08	1.391335705443081906e+03
1.600000000000000000e+03	0.000000000000000000e+00	3.706052500000000194e+00	5.117372372612408020e-05	2.065750000000000225e-02	8.291561975888161662e-06	1.000000000000000056e-01	0.000000000000000000e+00	1.552927879750000000e+09	8.291561975888499525e-01	1.005309649148733843e+04	3.706052500000000177e-12	1.299304134181067944e+09	5.218266359812529408e+05	5.542185467406294774e+05	2.229210098721159738e+02	2.682892638221611828e+07	3.702558880465761035e+02	2.683465015646604821e+07	1.978117412606694003e+01
3.200000000000000000e+02	0.000000000000000000e+00	3.794967500000000271e+00	2.715119702701552866e-04	2.992750000000000271e-02	5.539629951540023006e-05	1.000000000000000056e-01	0.000000000000000000e+00	1.552928006000000000e+09	3.807886552931954327e+00	2.010619298297467594e+03	3.794967500000000510e-12	4.379168467256675720e+09	8.111966285866181366e+06	3.918715437623243313e+06	7.267657018074366533e+03	1.309402869475647062e+08	9.361462013172857041e+03	1.309989125015610605e+08	2.379458383027598245e+02
8.000000000000000000e+03	0.000000000000000000e+00	3.643150000000000333e+00	2.598076211355166386e-04	1.529250000000000054e-02	3.344772040064925695e-05	1.000000000000000056e-01	0.000000000000000000e+00	1.552928277750000000e+09	8.291561975888499525e-01	5.026548245743668667e+04	3.643149999999999880e-12	3.570874628338417411e+08	7.814359083136067493e+05	8.348914786966179963e+04	1.830065156764424330e+02	5.459483267592727207e+06	3.891956631282291141e+02	5.460121609171078540e+06	1.992323140275207649e+01
2.000000000000000000e+02	0.000000000000000000e+00	3.827742499999999826e+00	3.561162029450977017e-04	3.372250000000000247e-02	6.179603547154261661e-05	1.000000000000000056e-01	0.000000000000000000e+00	1.552927987000000000e+09	6.708203932499369415e+00	1.256637061435917303e+03	3.827742499999999429e-12	6.164923025544203758e+09	1.131169036110804975e+07	7.002829990312258713e+06	1.288583071504154395e+04	2.076604637945661545e+08	1.929534468987520086e+04	2.077785067114679515e+08	4.559452329560664339e+02
8.000000000000000000e+01	0.000000000000000000e+00	3.904904999999999848e+00	9.552486587285746570e-05	4.347625000000000101e-02	3.041689497631253026e-05	1.000000000000000056e-01	0.000000000000000000e+00	1.552928096000000000e+09	1.341640786499873883e+01	5.026548245743668986e+02	3.904905000000000111e-12	1.171838047281189919e+10	8.203434572458359413e+06	2.210811055214612186e+07	1.545610362765529680e+04	5.085100612896955609e+08	1.246521719071980442e+04	5.089904232743832469e+08	6.805424933187222223e+02
2.000000000000000000e+03	0.000000000000000000e+00	3.696334999999999926e+00	8.411301920636627359e-05	1.977500000000000091e-02	2.061552812808851472e-05	1.000000000000000056e-01	0.000000000000000000e+00	1.552928116250000000e+09	8.291561975888499525e-01	1.256637061435917167e+04	3.696334999999999920e-12	1.088685200589296341e+09	1.135229661049150629e+06	4.255646108116588439e+05	4.438342731119803375e+02	2.152033430147453025e+07	4.896437266470279610e+02	2.152454166028156132e+07	2.380031158892295551e+01
6.000000000000000000e+02	0.000000000000000000e+00	3.756465000000000387e+00	1.404457190519516898e-04	2.568174999999999972e-02	3.056448101964131495e-05	1.000000000000000056e-01	0.000000000000000000e+00	1.552928013500000000e+09	1.118033988749894903e+00	3.769911184307751682e+03	3.756464999999999988e-12	2.749570885376159191e+09	3.273946132625245024e+06	1.812290454585131723e+06	2.159321655310407550e+03	7.056724929512713850e+07	2.637198820494729716e+03	7.059051685440759361e+07	7.555599433465542347e+01
2.400000000000000000e+03	0.000000000000000000e+00	3.687515000000000320e+00	4.092676385945404305e-05	1.889850000000000210e-02	2.581181899827994823e-05	1.000000000000000056e-01	0.000000000000000000e+00	1.552927876750000000e+09	8.291561975888499525e-01	1.507964473723100673e+04	3.687514999999999964e-12	9.515853763815641403e+08	1.299730690064759692e+06	3.397405200988234137e+05	4.637673048770190007e+02	1.797711564932790399e+07	2.001502451451396780e+02	1.798032565584692731e+07	1.663934895002497782e+01
1.200000000000000000e+04	0.000000000000000000e+00	3.629952499999999915e+00	2.277608394782716476e-05	1.433524999999999903e-02	1.634587103827708632e-05	1.000000000000000056e-01	0.000000000000000000e+00	1.552928121250000000e+09	8.291561975888499525e-01	7.539822368615503365e+04	3.629952499999999723e-12	2.548781887775819004e+08	2.906310723111561383e+05	5.236655167666314082e+04	5.969131728672557813e+01	3.652991868063908070e+06	2.297507200518844428e+01	3.653367192587619647e+06	4.868511731123265740e+00
1.000000000000000000e+02	0.000000000000000000e+00	3.883567499999999839e+00	8.613216588467763866e-05	4.067550000000000332e-02	1.980530232033950931e-05	1.000000000000000056e-01	0.000000000000000000e+00	1.552927859000000000e+09	1.185326959112969725e+01	6.283185307179586516e+02	3.883567499999999951e-12	1.007526257995325661e+10	4.910831300445619971e+06	1.664195061685539968e+07	8.118255240150300779e+03	4.091394234085726738e+08	9.068132841850409022e+03	4.094777433602871299e+08	3.433866477147615797e+02
1.000000000000000000e+03	0.000000000000000000e+00	3.728955000000000020e+00	4.974937185528869525e-05	2.286749999999999894e-02	1.639359631075578929e-05	1.000000000000000056e-01	0.000000000000000000e+00	1.552928039500000000e+09	1.118033988749894903e+00	6.283185307179585834e+03	3.728954999999999836e-12	1.866441152247946978e+09	1.338274003421464469e+06	9.754940705707018496e+05	6.992009178258407474e+02	4.265853593837113678e+07	5.694267631467578212e+02	4.266968803597021848e+07	2.871659666283633427e+01
2.400000000000000000e+02	0.000000000000000000e+00	3.814397500000000107e+00	2.751704017513584006e-04	3.214249999999999746e-02	5.539629951540199867e-05	1.000000000000000056e-01	0.000000000000000000e+00	1.552928028750000000e+09	6.378675411086536684e+00	1.507964473723100582e+03	3.814397499999999752e-12	5.408829458594446182e+09	9.330061637205492705e+06	5.582312411352040246e+06	9.643062467593321344e+03	1.736738713961900771e+08	1.251824395728558193e+04	1.737635629745151699e+08	3.293577063486630436e+02
6.000000000000000000e+03	0.000000000000000000e+00	3.653750000000000053e+00	4.330127018921716428e-04	1.607499999999999901e-02	2.046338192968114012e-04	1.000000000000000056e-01	0.000000000000000000e+00	1.552928124000000000e+09	7.071067811865475727e-01	3.769911184307751682e+04	3.653749999999999855e-12	4.516261404864701629e+08	5.749423756553278305e+06	1.166725862461747893e+05	1.484789626558138707e+03	7.258014696496101096e+06	8.610408646111444568e+02	7.258952391835530289e+06	3.781999940708564623e+01
5.000000000000000000e+02	0.000000000000000000e+00	3.766975749999999845e+00	3.477337343430832487e-05	2.680175000000000265e-02	1.826711526213109071e-05	1.000000000000000056e-01	0.000000000000000000e+00	1.552928048250000000e+09	3.031088913245535199e+00	3.141592653589792917e+03	3.766975750000000141e-12	3.152783514480322838e+09	2.149021686246089637e+06	2.263125292791026644e+06	1.540957936336295234e+03	8.443945984090691805e+07	7.827247402148212814e+02	8.446978225563862920e+07	4.986641153235441948e+01
1.200000000000000000e+02	0.000000000000000000e+00	3.868237500000000217e+00	1.364505404899406282e-04	3.874749999999999722e-02	2.165063509461278546e-05	1.000000000000000056e-01	0.000000000000000000e+00	1.552928150000000000e+09	1.118033988749894903e+01	7.539822368615502910e+02	3.868237499999999854e-12	8.848752903545520782e+09	4.954190666974282824e+06	1.326532499666821398e+07	7.463379372764112304e+03	3.423530549498216510e+08	1.205386745406768932e+04	3.426099576497198343e+08	3.090949968933532546e+02
