#  Frequency Ave 	 Frequency Std 	 Capacitance Ave 	 Capacitance Std 	 Loss Ave 	 Loss Std 	 Voltage Ave 	 Voltage Std 	 Time Ave 	 Time Std 	 Frequency Ave 	 Capacitance Ave 	 Resistance Ave 	 Resistance Std 	 ReZ Ave 	 ReZ Std 	 ImZ Ave 	 ImZ Std 	 MagZ Ave 	 Magz Std 
#   Hz 	 Hz 	 pF 	 pF 	 tand 	 tand 	 V 	 V 	 s 	 s 	 rad s-1 	 F 	 Ohm 	 Ohm 	 Ohm 	 Ohm 	 Ohm 	 Ohm 	 Ohm 	 Ohm 
6.000000000000000000e+02	0.000000000000000000e+00	1.048977500000000020e+02	4.322904116444864844e-03	2.805039999999999978e+00	3.820994634907325582e-04	1.799999999999999864e-02	0.000000000000000000e+00	1.560976468500000000e+09	1.118033988749894903e+00	3.769911184307751682e+03	1.048977500000000010e-10	9.014956794650803786e+05	1.282974563949699416e+02	7.998413801055660006e+05	8.847180903446397338e+01	2.851443758754120790e+05	7.258226229138102781e+01	8.491487198498004582e+05	8.338362702878531252e+01
8.000000000000000000e+02	0.000000000000000000e+00	9.860032499999999800e+01	2.172987574746777003e-03	2.285530000000000062e+00	3.535533905932536445e-04	8.000000000000000167e-02	0.000000000000000000e+00	1.560976437500000000e+09	1.118033988749894903e+00	5.026548245743669213e+03	9.860032500000000093e-11	8.828051783463028260e+05	1.379418846947435497e+02	7.409582637772707967e+05	7.874701994632674484e+01	3.241953786549600190e+05	8.517298106967328408e+01	8.087779622375108302e+05	7.223851111210333897e+01
1.000000000000000000e+03	0.000000000000000000e+00	9.477657500000000823e+01	1.800520758001884465e-03	1.922739749999999859e+00	2.821350518811567955e-04	1.000000000000000056e-01	0.000000000000000000e+00	1.560976461500000000e+09	1.118033988749894903e+00	6.283185307179585834e+03	9.477657500000000159e-11	8.733706969591551460e+05	1.292244736506181084e+02	6.874256133282384835e+05	5.866609006473107257e+01	3.575240036142377066e+05	8.336508503774962264e+01	7.748402332223452395e+05	5.221782556037902623e+01
1.200000000000000000e+03	0.000000000000000000e+00	9.222454999999999359e+01	1.924188140491040313e-03	1.670643500000000170e+00	2.037075109071451965e-04	1.000000000000000056e-01	0.000000000000000000e+00	1.560976455000000000e+09	7.071067811865475727e-01	7.539822368615503365e+03	9.222454999999999561e-11	8.608124814357140567e+05	1.064874328400290722e+02	6.337480669263211312e+05	3.768976858189256518e+01	3.793436881814230001e+05	6.919834927142625247e+01	7.386056093044064473e+05	3.262006264678198164e+01
1.600000000000000000e+03	0.000000000000000000e+00	8.881832249999999362e+01	1.687162929295002792e-03	1.333589700000000100e+00	1.403352058465802096e-04	1.000000000000000056e-01	0.000000000000000000e+00	1.560976458000000000e+09	7.071067811865475727e-01	1.005309649148733843e+04	8.881832249999999451e-11	8.397989938498535194e+05	8.980131515031118283e+01	5.375457513654113282e+05	1.770280622484280997e+01	4.030818109688545228e+05	5.522028023825816234e+01	6.718856905344361439e+05	1.484827781891192444e+01
2.000000000000000000e+03	0.000000000000000000e+00	8.655740000000000123e+01	1.124722187916156468e-03	1.123549750000000014e+00	1.192421381056833643e-04	1.000000000000000056e-01	0.000000000000000000e+00	1.560976441250000000e+09	8.291561975888499525e-01	1.256637061435917167e+04	8.655739999999999466e-11	8.182643416003461462e+05	8.749072112465657369e+01	4.565788096211066586e+05	7.717454432154166710e+00	4.063716890338915982e+05	4.849294557300042641e+01	6.112300377462520264e+05	7.393760187422863339e+00
2.400000000000000000e+03	0.000000000000000000e+00	8.481824999999999193e+01	4.330127018910050413e-04	9.723367499999999719e-01	1.165512226448003175e-04	1.000000000000000056e-01	0.000000000000000000e+00	1.560976474250000000e+09	8.291561975888499525e-01	1.507964473723100673e+04	8.481824999999999556e-11	8.040867056386029581e+05	9.647094878393887996e+01	3.907677546274502529e+05	2.436186659752050065e+00	4.018852055395934149e+05	4.686426905012997679e+01	5.605454098359743366e+05	5.193609797268265105e+00
3.200000000000000000e+03	0.000000000000000000e+00	8.237177499999999952e+01	1.098578627131955752e-03	7.876215000000000854e-01	7.849363031480300560e-05	1.000000000000000056e-01	0.000000000000000000e+00	1.560976428750000000e+09	8.291561975888499525e-01	2.010619298297467685e+04	8.237177499999999290e-11	7.666094456764031202e+05	7.708067329861626149e+01	2.934952615481050452e+05	8.435088662210588950e+00	3.726349033744063927e+05	2.871238224658674554e+01	4.743376853719760547e+05	6.705209591124075885e+00
4.000000000000000000e+03	0.000000000000000000e+00	8.055803000000000225e+01	4.335320057369586874e-04	6.685370000000000479e-01	6.554769256044128828e-05	1.000000000000000056e-01	0.000000000000000000e+00	1.560976434250000000e+09	8.291561975888499525e-01	2.513274122871834334e+04	8.055803000000000424e-11	7.387982446133499034e+05	7.254559350415178187e+01	2.282052924487380951e+05	8.731664867329268276e+00	3.413502804612730397e+05	2.071881151505516527e+01	4.106064654539719340e+05	6.153795799079390783e+00
5.000000000000000000e+03	0.000000000000000000e+00	7.882089249999999936e+01	6.698274031432975084e-04	5.693690000000000140e-01	5.515432893254547495e-05	1.000000000000000056e-01	0.000000000000000000e+00	1.560976452000000000e+09	7.071067811865475727e-01	3.141592653589793190e+04	7.882089250000000043e-11	7.092755046309694881e+05	6.897084402120204061e+01	1.736421784633235075e+05	8.901188340652698372e+00	3.049730112867463613e+05	1.458064295761802320e+01	3.509417953946132911e+05	5.514357572737939250e+00
6.000000000000000000e+03	0.000000000000000000e+00	7.747960000000000491e+01	7.874007874020531221e-04	5.023765000000000036e-01	4.375214280465855094e-05	1.000000000000000056e-01	0.000000000000000000e+00	1.560976446750000000e+09	8.291561975888499525e-01	3.769911184307751682e+04	7.747960000000000198e-11	6.814785574082293315e+05	5.975291817392897542e+01	1.373327001462640765e+05	7.525869375599145705e+00	2.733660912607656792e+05	9.801899526860101020e+00	3.059236675719172927e+05	4.386403080144232192e+00
8.000000000000000000e+03	0.000000000000000000e+00	7.546962499999999352e+01	4.763139720800980211e-04	4.144912499999999778e-01	3.254516093061289871e-05	1.000000000000000056e-01	0.000000000000000000e+00	1.560976449250000000e+09	8.291561975888499525e-01	5.026548245743668667e+04	7.546962499999999570e-11	6.359787220300526824e+05	5.009704607335674353e+01	9.324353187969763530e+04	5.287471902691257775e+00	2.249589873844083049e+05	5.292125333102932316e+00	2.435177657634419156e+05	2.935161184236024123e+00
1.000000000000000000e+04	0.000000000000000000e+00	7.402597000000000094e+01	4.676537180432134870e-04	3.597247249999999674e-01	2.975108191308920992e-05	1.000000000000000056e-01	0.000000000000000000e+00	1.560976431250000000e+09	8.291561975888499525e-01	6.283185307179586380e+04	7.402597000000000188e-11	5.976758880451684818e+05	4.957486138603883319e+01	6.847906288853786828e+04	4.444989345388680846e+00	1.903651824003420188e+05	3.735176017190364739e+00	2.023074015561660344e+05	2.360294985098281728e+00
1.200000000000000000e+04	0.000000000000000000e+00	7.286519499999999994e+01	7.994216659586500170e-04	3.197374000000000049e-01	2.536493642807249123e-05	1.000000000000000056e-01	0.000000000000000000e+00	1.560976471500000000e+09	1.118033988749894903e+00	7.539822368615503365e+04	7.286519500000000131e-11	5.692791985743182013e+05	4.559105667253505345e+01	5.280063869470576174e+04	3.600994396850626167e+00	1.651375118916516076e+05	2.862888461783180905e+00	1.733733119033440889e+05	1.949374151648836984e+00
1.600000000000000000e+04	0.000000000000000000e+00	7.123102500000000248e+01	5.931905258842629525e-04	2.694742500000000263e-01	2.160295118726710141e-05	1.000000000000000056e-01	0.000000000000000000e+00	1.560976444000000000e+09	7.071067811865475727e-01	1.005309649148733733e+05	7.123102499999999960e-11	5.182194192891147686e+05	4.176766158038294208e+01	3.508357212092954433e+04	2.504770794175519733e+00	1.301926700637613540e+05	1.702174951133377911e+00	1.348368954370275023e+05	1.418337124120934600e+00
2.000000000000000000e+04	0.000000000000000000e+00	7.003213999999999828e+01	4.997499374712445833e-04	2.362221750000000065e-01	1.715756028694670585e-05	1.000000000000000056e-01	0.000000000000000000e+00	1.560976464750000000e+09	8.291561975888499525e-01	1.256637061435917276e+05	7.003213999999999728e-11	4.810299026238920051e+05	3.510693476008948721e+01	2.542326755508156930e+04	1.694548252105906760e+00	1.076243902803856909e+05	1.077536462139834450e+00	1.105864002325875481e+05	1.082751231164125638e+00
