#  Frequency Ave 	 Frequency Std 	 Capacitance Ave 	 Capacitance Std 	 Loss Ave 	 Loss Std 	 Voltage Ave 	 Voltage Std 	 Time Ave 	 Time Std 	 Frequency Ave 	 Capacitance Ave 	 Resistance Ave 	 Resistance Std 	 ReZ Ave 	 ReZ Std 	 ImZ Ave 	 ImZ Std 	 MagZ Ave 	 Magz Std 
#   Hz 	 Hz 	 pF 	 pF 	 tand 	 tand 	 V 	 V 	 s 	 s 	 rad s-1 	 F 	 Ohm 	 Ohm 	 Ohm 	 Ohm 	 Ohm 	 Ohm 	 Ohm 	 Ohm 
6.000000000000000000e+02	0.000000000000000000e+00	1.002553249999999991e+02	2.818133247382737135e-03	2.272085000000000132e+00	3.004579837514767234e-04	5.999999999999999778e-02	0.000000000000000000e+00	1.560978236500000000e+09	1.118033988749894903e+00	3.769911184307751682e+03	1.002553249999999942e-10	1.164492933698734036e+06	1.574318209241707223e+02	9.755245843492088607e+05	8.952481018263330270e+01	4.293521520318160183e+05	9.759353405664020897e+01	1.065829013080451172e+06	8.203622849494774982e+01
8.000000000000000000e+02	0.000000000000000000e+00	9.533537499999998488e+01	1.091730278044453087e-03	1.835219500000000004e+00	2.363075326772678540e-04	8.000000000000000167e-02	0.000000000000000000e+00	1.560978206500000000e+09	1.118033988749894903e+00	5.026548245743669213e+03	9.533537499999997696e-11	1.137072222522171680e+06	1.469901889819797702e+02	8.767553146939319558e+05	6.161585417929773456e+01	4.777386654260877986e+05	9.528434018611436329e+01	9.984658803820764879e+05	5.430624669313570507e+01
1.000000000000000000e+03	0.000000000000000000e+00	9.217792500000001610e+01	2.286235989568671106e-03	1.538857499999999989e+00	1.735475439180762661e-04	1.000000000000000056e-01	0.000000000000000000e+00	1.560978245500000000e+09	1.118033988749894903e+00	6.283185307179585834e+03	9.217792500000000923e-11	1.122005016206197208e+06	1.295601709004192514e+02	7.888762856150058797e+05	3.878239848328392014e+01	5.126376455357340164e+05	8.339991602650738400e+01	9.408098371223321883e+05	3.289786130709611456e+01
1.200000000000000000e+03	0.000000000000000000e+00	8.998852500000000987e+01	1.269596392558584386e-03	1.338594500000000131e+00	1.125644259968562952e-04	1.000000000000000056e-01	0.000000000000000000e+00	1.560978232750000000e+09	8.291561975888499525e-01	7.539822368615503365e+03	8.998852500000001212e-11	1.101039034369230503e+06	9.388208602618726673e+01	7.066608058848589426e+05	1.852216287569149600e+01	5.279125275689231930e+05	5.781896567997161185e+01	8.820777354281465523e+05	1.552085779627782536e+01
1.600000000000000000e+03	0.000000000000000000e+00	8.693072499999999536e+01	1.028044259751666667e-03	1.075376750000000214e+00	9.115474480247062208e-05	1.000000000000000056e-01	0.000000000000000000e+00	1.560978215750000000e+09	8.291561975888499525e-01	1.005309649148733843e+04	8.693072499999998934e-11	1.064060213474730263e+06	9.106906165536885567e+01	5.706253836429117946e+05	7.191870077446330001e+00	5.306283436413441086e+05	4.871121304527975582e+01	7.792174071035480592e+05	7.094106469368947288e+00
2.000000000000000000e+03	0.000000000000000000e+00	8.477597500000000252e+01	6.759252917292317723e-04	9.075569999999999471e-01	7.290061728132349198e-05	1.000000000000000056e-01	0.000000000000000000e+00	1.560978226750000000e+09	8.291561975888499525e-01	1.256637061435917167e+04	8.477597499999999996e-11	1.034292634291618364e+06	8.348907591954851171e+01	4.671404240337616648e+05	5.475359209993759357e+00	5.147229584849895909e+05	3.753341246083353155e+01	6.950970434104744345e+05	5.841378139219003174e+00
2.400000000000000000e+03	0.000000000000000000e+00	8.313120000000000687e+01	9.797958971167893775e-04	7.927089999999999970e-01	6.025363059599780349e-05	1.000000000000000056e-01	0.000000000000000000e+00	1.560978229750000000e+09	8.291561975888499525e-01	1.507964473723100673e+04	8.313120000000000912e-11	1.006308292150295689e+06	7.740335099786123862e+01	3.883299203642762732e+05	8.835437723780152908e+00	4.898770171201237827e+05	2.911125186591376490e+01	6.251236829241355881e+05	6.928367144473360106e+00
3.200000000000000000e+03	0.000000000000000000e+00	8.070356250000000387e+01	5.113890397757755611e-04	6.445945000000000702e-01	5.479735395072716413e-05	1.000000000000000056e-01	0.000000000000000000e+00	1.560978224000000000e+09	7.071067811865475727e-01	2.010619298297467685e+04	8.070356250000000133e-11	9.560725550035058986e+05	8.150176239686777535e+01	2.806425604798439308e+05	1.019329065205217333e+01	4.353784596049825777e+05	2.181868312513669750e+01	5.179909746710750624e+05	6.775950785643090946e+00
4.000000000000000000e+03	0.000000000000000000e+00	7.894051749999999856e+01	8.132765519755620837e-04	5.524039499999999769e-01	3.906798561480055357e-05	1.000000000000000056e-01	0.000000000000000000e+00	1.560978210000000000e+09	7.071067811865475727e-01	2.513274122871834334e+04	7.894051749999999266e-11	9.124380670863225823e+05	6.521197050167937448e+01	2.133322321905208810e+05	8.788251861650099528e+00	3.861888246644885512e+05	1.307911239076583598e+01	4.411943444641254609e+05	5.298931416768596137e+00
5.000000000000000000e+03	0.000000000000000000e+00	7.722470000000001278e+01	8.602325267022578170e-04	4.733382499999999604e-01	2.803011773074324270e-05	1.000000000000000056e-01	0.000000000000000000e+00	1.560978249000000000e+09	7.071067811865475727e-01	3.141592653589793190e+04	7.722470000000001768e-11	8.708077723606325453e+05	5.247185765132061164e+01	1.593920512642345275e+05	6.744279742176789938e+00	3.367402724462571205e+05	7.799354116832058814e+00	3.725585015717663919e+05	3.833714286414112049e+00
6.000000000000000000e+03	0.000000000000000000e+00	7.594193500000000085e+01	5.879413236008082869e-04	4.209017500000000189e-01	2.632845418932261552e-05	1.000000000000000056e-01	0.000000000000000000e+00	1.560978221250000000e+09	8.291561975888499525e-01	3.769911184307751682e+04	7.594193499999999735e-11	8.298631707331767539e+05	5.230609091079944051e+01	1.248915601946541283e+05	5.742497862563820554e+00	2.967237845759826596e+05	5.853853232849613342e+00	3.219361833359976299e+05	3.152092268451167634e+00
8.000000000000000000e+03	0.000000000000000000e+00	7.401200000000000045e+01	8.860022573328060974e-04	3.505617500000000053e-01	1.957517560586354471e-05	1.000000000000000056e-01	0.000000000000000000e+00	1.560978218250000000e+09	8.291561975888499525e-01	5.026548245743668667e+04	7.401200000000000250e-11	7.667671108274443541e+05	4.378871700111841392e+01	8.391777281900099479e+04	4.149045010958885449e+00	2.393808589185813908e+05	3.736896473575800570e+00	2.536639276907523454e+05	2.282967898511599092e+00
1.000000000000000000e+04	0.000000000000000000e+00	7.262632499999999425e+01	4.656984002522701963e-04	3.058015000000000039e-01	1.841874045640437072e-05	1.000000000000000056e-01	0.000000000000000000e+00	1.560978212750000000e+09	8.291561975888499525e-01	6.283185307179586380e+04	7.262632499999999063e-11	7.166159191667850828e+05	4.340642900207236465e+01	6.128315352974063717e+04	3.159943618177407210e+00	2.004017427309566119e+05	2.333461237883326156e+00	2.095626001846567087e+05	1.728531754378382468e+00
1.200000000000000000e+04	0.000000000000000000e+00	7.154333499999999901e+01	6.297817082144695384e-04	2.736777999999999711e-01	1.544085489862042572e-05	1.000000000000000056e-01	0.000000000000000000e+00	1.560978239750000000e+09	8.291561975888499525e-01	7.539822368615503365e+04	7.154333499999999870e-11	6.773765137922890717e+05	3.867983891988272660e+01	4.719993476192178059e+04	2.445054576758070475e+00	1.724653397605570499e+05	1.894951247809102624e+00	1.788075145519730286e+05	1.476306359985830374e+00
1.600000000000000000e+04	0.000000000000000000e+00	7.001277500000000487e+01	6.057020719771043530e-04	2.324065000000000158e-01	1.373863166402863367e-05	1.000000000000000056e-01	0.000000000000000000e+00	1.560978203250000000e+09	8.291561975888499525e-01	1.005309649148733733e+05	7.001277500000000487e-11	6.113284213784750318e+05	3.652342438604723895e+01	3.132746478858544651e+04	1.756773509520083820e+00	1.347959923177081509e+05	1.332934135409310050e+00	1.383884734903730860e+05	1.192804592739628466e+00
2.000000000000000000e+04	0.000000000000000000e+00	6.888696749999999724e+01	5.815227854516429691e-04	2.046460000000000223e-01	1.004987562112058498e-05	1.000000000000000056e-01	0.000000000000000000e+00	1.560978242250000000e+09	8.291561975888499525e-01	1.256637061435917276e+05	6.888696749999999174e-11	5.644816241456354037e+05	2.812747647449089428e+01	2.269021620873246138e+04	1.102832632098435628e+00	1.108754444686554489e+05	9.685718531298784795e-01	1.131733630220509222e+05	9.892053637963220680e-01
